1 1 18.5 55.0
1 2 18.0 56.2
1 3 17.6 57.5
1 4 17.2 58.8
1 5 17.0 60.0
1 6 17.3 59.5
1 7 18.2 56.0
1 8 19.5 52.0
1 9 21.0 48.5
1 10 22.5 45.0
1 11 23.8 42.5
1 12 24.5 40.0
1 13 25.2 38.5
1 14 25.8 37.0
1 15 25.5 37.5
1 16 24.8 39.0
1 17 23.5 42.0
1 18 22.0 45.5
1 19 21.0 48.0
1 20 20.2 50.5
1 21 19.6 52.0
1 22 19.2 53.5
1 23 18.9 54.2
1 24 18.7 54.8
2 1 18.4 55.2
2 2 17.9 56.8
2 3 17.5 58.0
2 4 17.1 59.2
2 5 16.9 61.0
2 6 17.2 60.5
2 7 18.0 57.0
2 8 19.4 53.0
2 9 20.8 49.5
2 10 22.3 46.0
2 11 23.6 43.5
2 12 24.3 41.0
2 13 25.0 39.5
2 14 25.6 38.0
2 15 25.3 38.5
2 16 24.6 40.0
2 17 23.3 43.0
2 18 21.8 46.5
2 19 20.8 49.0
2 20 20.0 51.5
2 21 19.4 53.0
2 22 19.0 54.5
2 23 18.7 55.2
2 24 18.5 55.8
3 1 18.2 56.2
3 2 17.7 57.8
3 3 17.3 59.0
3 4 16.9 60.2
3 5 16.7 62.0
3 6 17.0 61.5
3 7 17.8 58.0
3 8 19.2 54.0
3 9 20.6 50.5
3 10 22.1 47.0
3 11 23.4 44.5
3 12 24.1 42.0
3 13 24.8 40.5
3 14 25.4 39.0
3 15 25.1 39.5
3 16 24.4 41.0
3 17 23.1 44.0
3 18 21.6 47.5
3 19 20.6 50.0
3 20 19.8 52.5
3 21 19.2 54.0
3 22 18.8 55.5
3 23 18.5 56.2
3 24 18.3 56.8
4 1 18.0 57.2
4 2 17.5 58.8
4 3 17.1 60.0
4 4 16.7 61.2
4 5 16.5 63.0
4 6 16.8 62.5
4 7 17.6 59.0
4 8 19.0 55.0
4 9 20.4 51.5
4 10 21.9 48.0
4 11 23.2 45.5
4 12 23.9 43.0
4 13 24.6 41.5
4 14 25.2 40.0
4 15 24.9 40.5
4 16 24.2 42.0
4 17 22.9 45.0
4 18 21.4 48.5
4 19 20.4 51.0
4 20 19.6 53.5
4 21 19.0 55.0
4 22 18.6 56.5
4 23 18.3 57.2
4 24 18.1 57.8
5 1 17.8 58.2
5 2 17.3 59.8
5 3 16.9 61.0
5 4 16.5 62.2
5 5 16.3 64.0
5 6 16.6 63.5
5 7 17.4 60.0
5 8 18.8 56.0
5 9 20.2 52.5
5 10 21.7 49.0
5 11 23.0 46.5
5 12 23.7 44.0
5 13 24.4 42.5
5 14 25.0 41.0
5 15 24.7 41.5
5 16 24.0 43.0
5 17 22.7 46.0
5 18 21.2 49.5
5 19 20.2 52.0
5 20 19.4 54.5
5 21 18.8 56.0
5 22 18.4 57.5
5 23 18.1 58.2
5 24 17.9 58.8
6 1 17.6 59.2
6 2 17.1 60.8
6 3 16.7 62.0
6 4 16.3 63.2
6 5 16.1 65.0
6 6 16.4 64.5
6 7 17.2 61.0
6 8 18.6 57.0
6 9 20.0 53.5
6 10 21.5 50.0
6 11 22.8 47.5
6 12 23.5 45.0
6 13 24.2 43.5
6 14 24.8 42.0
6 15 24.5 42.5
6 16 23.8 44.0
6 17 22.5 47.0
6 18 21.0 50.5
6 19 20.0 53.0
6 20 19.2 55.5
6 21 18.6 57.0
6 22 18.2 58.5
6 23 17.9 59.2
6 24 17.7 59.8
7 1 17.4 60.2
7 2 16.9 61.8
7 3 16.5 63.0
7 4 16.1 64.2
7 5 15.9 66.0
7 6 16.2 65.5
7 7 17.0 62.0
7 8 18.4 58.0
7 9 19.8 54.5
7 10 21.3 51.0
7 11 22.6 48.5
7 12 23.3 46.0
7 13 24.0 44.5
7 14 24.6 43.0
7 15 24.3 43.5
7 16 23.6 45.0
7 17 22.3 48.0
7 18 20.8 51.5
7 19 19.8 54.0
7 20 19.0 56.5
7 21 18.4 58.0
7 22 18.0 59.5
7 23 17.7 60.2
7 24 17.5 60.8
8 1 17.2 61.2
8 2 16.7 62.8
8 3 16.3 64.0
8 4 15.9 65.2
8 5 15.7 67.0
8 6 16.0 66.5
8 7 16.8 63.0
8 8 18.2 59.0
8 9 19.6 55.5
8 10 21.1 52.0
8 11 22.4 49.5
8 12 23.1 47.0
8 13 23.8 45.5
8 14 24.4 44.0
8 15 24.1 44.5
8 16 23.4 46.0
8 17 22.1 49.0
8 18 20.6 52.5
8 19 19.6 55.0
8 20 18.8 57.5
8 21 18.2 59.0
8 22 17.8 60.5
8 23 17.5 61.2
8 24 17.3 61.8
9 1 17.0 62.2
9 2 16.5 63.8
9 3 16.1 65.0
9 4 15.7 66.2
9 5 15.5 68.0
9 6 15.8 67.5
9 7 16.6 64.0
9 8 18.0 60.0
9 9 19.4 56.5
9 10 20.9 53.0
9 11 22.2 50.5
9 12 22.9 48.0
9 13 23.6 46.5
9 14 24.2 45.0
9 15 23.9 45.5
9 16 23.2 47.0
9 17 21.9 50.0
9 18 20.4 53.5
9 19 19.4 56.0
9 20 18.6 58.5
9 21 18.0 60.0
9 22 17.6 61.5
9 23 17.3 62.2
9 24 17.1 62.8
10 1 16.8 63.2
10 2 16.3 64.8
10 3 15.9 66.0
10 4 15.5 67.2
10 5 15.3 69.0
10 6 15.6 68.5
10 7 16.4 65.0
10 8 17.8 61.0
10 9 19.2 57.5
10 10 20.7 54.0
10 11 22.0 51.5
10 12 22.7 49.0
10 13 23.4 47.5
10 14 24.0 46.0
10 15 23.7 46.5
10 16 23.0 48.0
10 17 21.7 51.0
10 18 20.2 54.5
10 19 19.2 57.0
10 20 18.4 59.5
10 21 17.8 61.0
10 22 17.4 62.5
10 23 17.1 63.2
10 24 16.9 63.8
